1322821854805171191168499444234168306242825473687830578434869766128268750276771180524685385694562131066802777740128846788250171899379449558711016913500307
1184608504545021343804592128564812197258372255559153126111902867478207222734815038005835463499404608269236328430324642881683186912727136092975932062638835
611903872387386546857373253078910651084239318303384474135133731993412823617731423716551641211188688268793693671289988264238357943392992620503579324531604
267415112459373105618959038107006911109283417224288697829989589586598660552009553315574160629549703729603886559021934440333136422798922894583862981848443
482180157212096632254949679878022657884515152661393056819323059838885645001881827727314251150642660480386306107244921707420609914115582654372005173017435
683689853544345885690201154373604947148832206426233399724813661688587766601546993981970645230801993002014863011386685868141462773243608545513108703332178
192992498420748561272060426292902801462658320051834308870228905556097695366798166108207885256888385265532736659094491370968448141264523065461101524023818
403379503942096391960139061064511284572874478822380669281626955141299423384814052369895754274854152144641718117423810692549246844680563462875237683614344
836746522247881340695973548576780074819938383959473001207202331677165020873018225310620399954823853521940155574024090637104899145563566551594813950088227
250292032795391560954413538752143396163680739738702138852329704937411950822760673950511493732223109487796460851977334150225356268766261926088471995099234
1298800023447711243296687215299895951618166830156732731504651304539306752918514327246250536554945213949480804654266417182554854681716126616465475844233772
108117660583120795284479767445126350774671968046724099651070277634517151248202493618934246438166520770867609737584364117626074679661040734816663682119093